240
229
211
231
212
221
234
171
262
223
310
3359
727653
1612
267
33
357
133384
12502
40462
6016
5645
28005
23666
3870
1731
5347
9664
492
67
404
566
146
246
544
327
7916
3380
4715
7051
2164
0
2347
2939
45
8306
94
854
1860
371
5311
121
7295
4134
4281
1807
2967
12660
3700
188
3152
5166
2263
265
1935
8838
4241
3897
2167
1262
237
1995
2287
11688
7961
3516
120
480
3398
1043
173
3140
2723
3358
3827
111
499
11334
3921
162
615
2198
1438
2593
344
7238
1537
4739
1822
8984
10890
10091
4074
162
4008
2718
3816
3368
227
148
7569
6932
4634
47
86
79
329
5113
2236
2684
1266
2280
9227
3569
5804
337
9274
2277
2687
2358
11719
9709
5433
9085
44
243
477
1151
2632
362
40
700
241
36
143416
659
17
371
702
178
161
219
205
457
467
2046
3289
5145
3402
619
671
3982
1618
63
144
252
1330
2037
896
445
1234
2000
1619
2910
1005
189
172
2090
7002
60
455
4299
453
755
167
171
383
613
466
497
9128
13650
1241
3029
4204
1421
1312
6406
4503
215
164
781
1867
1755
2328
7829
3745
926
374
418
845
584
1220
1319
1671
2360
1498
2227
1783
2839
4615
7985
3699
4476
909
633
664
1077
855
1297
199
182
10743
774
2778
1345
6211
31
29
29
42
5154
172032
371
702
180
163
221
207
463
473
1309
1474
859
2347
446
549
3400
1682
148
338
1097
379
1310
1008
540
1212
1616
619
743
1389
1052
191
174
1246
457
258
3603
221
400
178
168
4192
4479
1266
1531
600
668
403
5466
1099
403
294
398
182
165
223
209
469
479
220
206
152
77
104
193
176
57
63
669
74
31
29
58
223
101214
168
79322
110
91197
294
398
184
167
225
211
475
485
222
208
156
77
104
195
178
371
702
182
165
223
209
469
479
869
1031
642
693
465
566
1073
1280
152
120
741
216
866
1109
193
176
381
182
273
681
411
755
180
163
221
207
463
473
6436
6187
885
2809
2361
612
572
3980
1695
148
928
1492
3817
1682
471
696
432
389
1963
447
410
1546
533
1867
1420
2036
2420
3941
1331
1896
720
848
856
1077
673
798
634
758
1270
2093
693
820
652
1106
786
191
174
7067
546
2254
445
3648
294
398
180
163
221
207
463
473
218
204
148
77
104
191
174
147
82270
60893
61485
72324
409
753
181
164
222
208
466
476
812
1885
2673
3444
4981
440
551
2814
2844
150
601
284
1713
3097
2653
596
1553
2613
2092
3748
1957
3308
192
175
1575
4271
272
2828
409
753
178
161
219
205
457
467
2745
3301
2122
6339
1461
1096
517
10048
2546
144
3493
824
1773
1847
340
413
661
1392
440
667
1014
1037
1033
1050
1538
2593
1560
579
675
899
1289
703
908
881
900
895
189
172
2997
8098
984
14276
102
40
1305
4943
9064
3285
16533
19835
1730
4604
1797
2145
18906
16389
9931
4644
4786
3577
7293
3535
3006
2788
41920
3906
1815
1738
1741
12949
12473
11567
147826
7946
42010
9441
42369
7227
3627
29303
18671
64291
6400
11942
2681
8563
25525
9009
371
6841
2200
10002
5325
8132
3916
8085
2665
6669
13865
31833
12379
1943
2564
2105
6409
5892
6918
1216
8748
1601
7147
6247
9349
37987
1758
50993
12358
8685
4188
6732
10249
4589
1442
6980
85051
17082
5704
10010
5243
2115
2669
3247
2031
133
5382
11518
4223
23998
18010
2664
7014
2386
2884
24398
15691
11563
6025
6947
4485
7707
5305
3697
3415
45109
5463
2713
2695
2670
17287
15187
13066
174912
11234
43986
12483
43883
9791
5396
35867
23101
69126
6904
16310
2808
11321
30231
12162
344
8546
3375
13698
7367
9372
5377
11857
2543
8868
18208
34045
8123
2251
3667
3699
8441
5971
7940
1928
9147
2056
9906
7378
9765
52802
1961
62135
14134
11007
6062
8416
12439
3415
2037
8091
101408
18805
4085
13117
6379
2612
4104
4329
2040
388
3431
2522
755
2126
1540
260
14188
322
63
2550
2000
2492416
868
265216
4389
2001408
1806
25600
13824
15360
538
1251
635
87
410112
11479
100
255
322
4
1085
3048
1991
91
4
47
41344
216
1552
9259
1777
92
8
467
22
523
211
1795
4984
5811
7954
22924
6068
4894
9908
7298
1606
3977
4808
6005
21444
3481
3627
6264
6753
338
355
189
929
5852
3596
418
8534
331
378
5953
2061
314
6100
291
440
620
409
1136
1929
308
2852
28348
68929
211
2564
932
166
2678
155
1766
156
2658
61815
15583
58796
13233
24903
66557
223
444
250
711
14154
4587
65854
17216
12977
2569
62855
12935
59
1965
167
5889
103
7433
3930
156400
2392
297
4126
445901
91
82
112
43857
14256
7
647
799
212
157
1224
473
7819
153
90
154
307
9220
18695
11482
17693
269
9809
111
13025
12647
280
171
43
23026
3220
13864
52
8567
38
74
27466
30142
153
74
35688
38892
103
199
439
696
153
74
33960
37626
103
202
747
901
38
74
15579
23675
153
74
28595
30893
103
199
794
1087
38
74
37554
40172
153
74
34729
37283
103
199
395
705
153
74
16660
26877
103
199
683
964
38
74
14009
24293
153
74
10824
22070
103
199
469
705
153
74
27707
30320
103
199
816
940
153
74
34015
36195
103
200
567
728
153
74
30186
33138
103
199
932
1539
153
74
18319
25758
103
199
841
1355
153
74
27818
30255
103
199
720
876
153
74
29167
31680
103
199
735
996
115
103
202
742
1377
38
74
30738
33262
153
74
33648
37123
103
199
828
1241
153
74
356
30411
103
199
1003
2438
153
74
25633
28270
103
202
844
1650
115
103
202
791
1166
153
74
12108
22140
103
202
844
1650
115
103
202
886
1484
153
74
27676
30235
103
199
1003
1715
153
74
29265
33344
103
199
833
978
153
74
29693
32099
103
202
797
935
153
74
18079
25107
103
202
834
691
153
74
18501
25870
103
202
834
768
115
103
202
834
711
115
103
202
832
675
38
74
18840
25494
153
74
27291
30074
103
199
397
707
153
74
21725
27752
103
199
594
749
153
74
31655
35114
103
199
560
722
153
74
28122
30563
103
199
875
1213
153
74
30309
32928
103
199
736
938
115
103
202
810
1154
115
103
202
818
1171
115
103
202
810
153
74
2286
19684
103
199
198
658
153
74
31429
34517
103
199
391
682
153
74
30752
33347
103
199
507
715
153
74
28464
30925
103
199
578
757
153
74
31336
34069
103
199
519
712
153
74
19712
29221
103
199
393
684
153
74
19457
26329
103
199
1024
1723
38
74
30397
32893
153
74
29058
31757
103
199
794
1001
38
74
22207
28833
38
74
21428
26859
153
74
27574
30057
103
199
1019
1644
153
74
27188
28931
103
199
795
1119
38
74
14317
23124
153
74
24273
28607
103
199
456
688
153
74
28519
31952
103
199
996
1774
153
74
30945
33466
103
199
570
729
153
74
24759
32088
103
199
994
1861
38
74
7139
20221
38
74
13148
23933
153
74
7223
21999
103
199
524
750
153
74
17515
28133
103
199
326
680
153
74
28982
31963
103
199
1064
2060
153
74
31395
33332
103
199
824
1178
38
74
8008
20622
153
74
21421
28455
103
199
1030
1637
153
74
29228
32030
103
199
1038
1713
153
74
22737
29863
103
199
935
1451
153
74
30808
37271
103
199
847
1597
153
74
33282
35852
103
199
293
676
38
74
27608
34449
153
74
27066
28985
103
199
887
1522
38
74
2589
19684
153
74
27007
29500
103
199
857
1552
38
74
27248
33369
153
74
28038
30998
103
199
1368
3927
153
74
26850
29100
103
199
857
38
74
17994
26278
38
74
11253
23013
153
74
30719
34679
103
199
741
1032
153
74
21427
28080
103
199
888
1520
153
74
29218
33298
103
202
830
1285
153
74
21493
28099
103
199
837
928
153
74
38774
42141
103
199
814
1098
153
74
29965
32799
103
199
743
1051
153
74
23147
29440
103
199
1007
1642
153
74
28772
31279
103
199
425
688
153
74
35028
37554
103
199
957
1729
153
74
28715
41466
103
204
962
1728
153
74
28006
30872
103
199
854
1311
38
74
13534
22698
153
74
7094
22329
103
199
328
682
153
74
13259
25378
103
199
326
680
153
74
28497
33351
103
199
824
1160
153
74
18629
27507
103
199
806
1072
153
74
27792
30232
103
199
824
153
74
28862
31453
103
199
736
1019
38
74
14500
24793
38
74
12822
23113
153
74
35467
37731
103
199
530
454
153
74
30829
36731
103
199
875
1241
38
74
12291
23479
153
74
26443
29725
103
199
836
1176
153
74
17396
25342
103
199
564
762
153
74
26944
30141
103
204
980
1598
153
74
26818
29061
103
204
980
80
674
203
428
3282
789
428
149
292
150
585
1694
1299
1166
908
600
52
192
812
1203
759
1308
3413
1873
55990
3939
1168
35086
1707
26830
10324
109299
26184
11981
27820
29219
3181
840
50474
3481
507
27668
1023
18620
2887
38
152
17709
19078
5390
6172
38
74
8309
14651
38
152
19890
21339
6545
7281
38
152
19947
21378
6423
7206
38
152
2476
11676
2137
4085
38
152
18401
20161
5063
6230
38
152
23275
24597
7703
8466
38
152
22994
24461
7195
7900
38
152
18585
22889
2313
4576
38
152
6489
13717
1658
4108
38
152
8845
14317
1183
3831
38
152
17535
19130
6075
6906
38
152
23234
24560
7671
8392
38
152
19004
20670
6596
7587
38
152
12521
15918
3801
5082
38
152
18049
19457
5500
6415
38
152
18731
20259
6130
6921
38
152
19107
20359
6133
6945
38
152
22968
24555
6509
7339
38
152
356
25651
8709
38
152
16191
17548
5001
5553
38
152
11159
15313
3147
4581
38
152
14194
17258
4595
5698
38
152
19193
21302
6347
7290
38
152
19306
20616
6131
6871
38
152
15156
17782
3895
5176
38
152
11517
16307
3380
4761
38
152
16837
18144
4635
5151
38
152
17675
19241
4951
6084
38
152
15009
17489
4480
5560
38
152
20889
23054
6050
6859
38
152
17498
19207
4993
6153
38
152
19999
21373
6080
6891
38
152
476
10499
476
2864
38
152
19428
20913
6910
7828
38
152
18871
20139
5904
6540
38
152
18542
20074
6083
6868
38
152
19315
21094
6893
7809
38
152
13811
19426
4893
6378
38
152
14702
17378
3360
4870
38
152
18884
20138
6166
6987
38
152
18298
20172
6034
6854
38
152
18274
20771
5636
6046
38
152
11278
15337
3177
4567
38
152
17343
19186
4764
5933
38
152
12624
15562
464
2852
38
152
16804
18222
5174
5847
38
152
18505
20338
5134
6512
38
152
19945
21521
6233
6968
38
152
18396
23001
5516
6762
38
152
3531
11711
1844
3713
38
152
12845
17837
2387
4459
38
152
10403
17103
1334
3846
38
152
9203
16059
1847
5022
38
152
18653
20882
5985
6899
38
152
20129
21335
5888
6432
38
152
913
11078
474
2862
38
152
17033
18497
5183
5864
38
152
18542
20096
5863
6789
38
152
17948
21063
4719
6312
38
152
20830
24532
6200
7128
38
152
21299
23291
5228
5757
38
152
21226
24770
468
2856
38
152
16840
17967
5018
5479
38
152
3677
12522
3268
5062
38
152
16244
17682
4939
5555
38
152
15772
20400
5362
6458
38
152
18565
20308
6122
7217
38
152
16504
17932
4939
5543
38
152
14978
18188
3806
5208
38
152
8629
16089
1148
4357
38
152
19332
21262
6243
7442
38
152
18410
20338
4667
6245
38
152
18810
21437
6329
7492
38
152
15157
18253
4639
5429
38
152
24187
25938
8392
9546
38
152
18945
20578
6305
7275
38
152
15077
18281
6146
6975
38
152
18247
19909
5682
6462
38
152
23210
24554
6814
7648
38
152
18522
33080
5724
6512
38
152
17447
19564
5938
6937
38
152
17698
19082
3647
4809
38
152
10179
16881
1379
3930
38
152
10590
16941
1362
3919
38
152
15463
19550
5154
5978
38
152
16394
20187
6250
6771
38
74
2845
13309
38
152
18754
20262
5561
6345
38
152
12952
17329
2607
4541
38
152
622
10496
462
2811
38
152
23241
24559
7306
7927
38
152
22476
24789
5186
7088
38
152
13106
17531
2678
4646
38
152
4634
13776
3783
5235
38
152
18077
19543
5302
5958
38
152
17143
19234
5715
6853
38
152
16957
18389
5267
6085
248
2507
553
538
262
2447
914
910
209
8500
101478
23454
32
89
572
9185
22120
6878
2808
441
8525
951
2810
16565
1991
4772
663
34
128
1124
17358
14966
11991
944
1081
321
2455
93
1129
1129
331
504
1086
380
677
392
784
560
655
655
581
436
537
458
3291
1097
331
280
804
4530
15845
8076
99
19319
9777
1060
9141
884
606
6208
978
15628
347
3063
532
1531
586
1653
1480
7887
101
117
1097
285314
87533
159
1963
866
905
721
968
1291
965
900
1292
828
866
1017
1182
844
922
801
868
1023
803
924
924
984
1175
852
1018
831
1028
768
807
897
862
1195
1088
855
944
900
1038
811
778
1357
904
947
1049
876
878
938
1171
1306
925
903
1109
980
786
1074
771
775
1156
796
768
707
173566
79212
119
1106
325171
163184
71
1362
282
551
1263
493
2340
31
89
547
3893
6139
450
3197
403
3934
378
1502
703
453
2539
2241
80
3108
4401
395
95
2720
192
2070
447
2001
486
2136
549
327
209
1357
1093
406
666
71
412
54
57
2102
238
71
218
417
425
745
2534
417
1646
588
606
1066
271
311
211
21089
5399
2913
2104
3166
19159
4978
2038
1465
2050
8559
21908
196
210
204
6098
1005
25377
4385
639
25868
19637
329
300
202
609
1984
1898
10015
21377
216
2771
38
74
3326
5728
38
74
7440
8052
38
74
7465
7985
38
74
715
4578
38
74
6629
7205
38
74
8163
8728
38
74
8242
8989
38
74
3794
6266
38
74
1571
5139
38
74
1730
5042
38
74
6650
7396
38
74
8154
8727
38
74
6619
7227
38
74
5401
6512
38
74
6446
7148
38
74
6567
7180
38
74
6807
7332
38
74
8581
9320
38
74
10688
38
74
486
5070
38
74
1821
4992
38
74
6071
6799
38
74
6682
7602
38
74
6658
7257
38
74
6476
7038
38
74
1853
5043
38
74
6663
7201
38
74
6381
7096
38
74
6479
7099
38
74
7499
8251
38
74
6397
6972
38
74
6755
7329
38
74
476
5060
38
74
6786
7424
38
74
6941
7478
38
74
6564
7197
38
74
6998
7589
38
74
2297
5506
38
74
2550
5403
38
74
6770
7298
38
74
6634
7270
38
74
1860
5028
38
74
6343
7041
38
74
464
5048
38
74
1828
5045
38
74
6453
7171
38
74
7358
8047
38
74
4446
6800
38
74
1289
4716
38
74
1587
5090
38
74
1476
4998
38
74
1656
5184
38
74
6563
7342
38
74
7977
8553
38
74
474
5058
38
74
6741
7444
38
74
6449
7085
38
74
8290
8929
38
74
6865
8811
38
74
7108
8058
38
74
468
5052
38
74
6557
7044
38
74
1721
5189
38
74
6308
6875
38
74
2571
5802
38
74
6498
7277
38
74
6299
6824
38
74
2044
5215
38
74
1275
4900
38
74
6633
7575
38
74
6605
7304
38
74
6590
7538
38
74
6755
7476
38
74
8434
9175
38
74
6670
7375
38
74
6508
7105
38
74
6561
7180
38
74
8154
8778
38
74
6542
13364
38
74
6394
7137
38
74
1808
4929
38
74
1675
5194
38
74
1684
5204
38
74
7731
8441
38
74
2167
5372
38
74
6661
7311
38
74
1869
5181
38
74
618
5099
38
74
7867
8380
38
74
8468
9330
38
74
1836
5148
38
74
1306
4836
38
74
6075
6823
38
74
6016
6734
1329
36
461
1282
1369
788
1922
1358
1035
1775
1731
904
1734
1309
8160
19572
1009
14937
989
16808
10896
2005
18647
8448
9694
3390
5384
28931
30016
13018
7009
29959
13253
361
5872
1560
1316
18943
10378
1284
12967
5043
9847
80228
1911
4760
21496
115
103
206
2361
1248
23335
2858
38
74
8449
8647
38
74
10040
10520
38
74
10228
10574
38
74
2250
5440
38
74
8758
9134
38
74
11469
11784
38
74
10717
11221
38
74
5455
7671
38
74
1436
5433
38
74
3146
5975
38
74
7643
8216
38
74
11066
11254
38
74
8888
9367
38
74
4338
6353
38
74
8461
8916
38
74
7607
8158
38
74
9231
9505
38
74
10072
10795
38
74
8634
38
74
7183
7467
38
74
3179
5787
38
74
7421
7868
38
74
9100
9928
38
74
9177
9414
38
74
6529
7703
38
74
7822
8210
38
74
7415
7824
38
74
8312
8780
38
74
7181
7732
38
74
8979
9513
38
74
8209
8650
38
74
9476
9816
38
74
476
3704
38
74
9476
9891
38
74
8743
9099
38
74
8805
9223
38
74
9108
9698
38
74
5364
7769
38
74
5894
7355
38
74
9028
9281
38
74
7407
8468
38
74
8001
8787
38
74
7626
7895
38
74
7991
8550
38
74
464
3692
38
74
7509
7905
38
74
7862
8471
38
74
9229
9564
38
74
10372
11163
38
74
2982
5670
38
74
3542
6360
38
74
2609
5973
38
74
4024
6957
38
74
8428
9360
38
74
8924
9170
38
74
474
3702
38
74
8146
8620
38
74
8741
9243
38
74
9235
9799
38
74
12611
13107
38
74
9403
9913
38
74
10430
11068
38
74
7654
7847
38
74
1026
5130
38
74
7023
7520
38
74
7722
8902
38
74
8654
9445
38
74
7147
7363
38
74
4434
6715
38
74
3666
6476
38
74
9051
9882
38
74
7752
8722
38
74
8790
9955
38
74
7777
8298
38
74
11873
12456
38
74
8862
9312
38
74
7659
8136
38
74
8601
9119
38
74
11140
11426
38
74
8709
12220
38
74
8542
9250
38
74
5029
6455
38
74
2679
6069
38
74
2955
6267
38
74
7932
8938
38
74
6013
7914
38
74
7467
7763
38
74
8614
9179
38
74
1371
5222
38
74
462
3690
38
74
10714
10972
38
74
10683
11506
38
74
698
4925
38
74
2549
5742
38
74
7892
8246
38
74
7741
8507
38
74
7642
8075
112
5391
52
6047
168
169
217
3721
14582
2686
13576
11954
829
7281
346
418
880
410
369
802
814
415
378
2860
411
960
4807
805
852
1146
837
624
1155
1161
853
832
3961
850
208
4652
21331
9631
118
70
34
56
320
54
132
4328
1185
722
14134
477
449
205
5908
1606
2442
41917
5313
9900
2049
3467
5200
846
1268
31744
3950
2799
38
74
1048
1268
38
74
1271
1634
38
74
1233
1447
38
74
643
1088
38
74
1058
1375
38
74
1353
1615
38
74
1225
1613
38
74
1201
1491
38
74
1419
1613
38
74
700
1151
38
74
1095
1403
38
74
1213
1419
38
74
1108
1410
38
74
1159
1385
38
74
1038
1349
38
74
1055
1308
38
74
1132
1355
38
74
1286
1643
38
74
1110
38
74
486
1001
38
74
1053
1298
38
74
1072
1350
38
74
1096
1456
38
74
1084
1337
38
74
1158
1338
38
74
840
1237
38
74
1152
1342
38
74
1028
1368
38
74
1077
1344
38
74
1130
1471
38
74
1036
1325
38
74
1078
1379
38
74
991
38
74
1081
1425
38
74
1154
1368
38
74
1080
1417
38
74
1219
1486
38
74
1321
1577
38
74
1167
1445
38
74
1106
1329
38
74
1102
1427
38
74
1290
1421
38
74
1105
1318
38
74
1031
1424
38
74
1051
1266
38
74
1049
1360
38
74
1075
1457
38
74
1211
1534
38
74
1429
1654
38
74
627
1130
38
74
678
1123
38
74
714
1168
38
74
1089
1383
38
74
1182
1465
38
74
989
38
74
1215
1488
38
74
1065
1356
38
74
1258
1534
38
74
1378
1634
38
74
1225
1525
38
74
1004
1348
38
74
1035
1225
38
74
1554
1732
38
74
1031
1403
38
74
1344
1519
38
74
1040
1396
38
74
1040
1317
38
74
1116
1334
38
74
697
1145
38
74
1208
1577
38
74
1154
1446
38
74
1117
1494
38
74
1142
1407
38
74
1345
1718
38
74
1115
1433
38
74
1147
1392
38
74
1066
1322
38
74
1204
1535
38
74
1102
1390
38
74
1055
1400
38
74
563
1009
38
74
678
1123
38
74
690
1135
38
74
864
1232
38
74
1186
1444
38
74
1068
1283
38
74
1057
1345
38
74
659
1110
38
74
977
38
74
1182
1397
38
74
1404
1779
38
74
671
1122
38
74
1155
1439
38
74
1015
1380
38
74
1046
1338
112
4937
52
6242
133
121
225
5175
4643
180
1434
1199
181
1683
2030
216
6844
1358
3549
481
451
202
1078
647
3929
1126
3027
1219
450
2816
701
252
2492
2799
38
74
2282
2459
38
74
2636
2958
38
74
2637
2799
38
74
924
1746
38
74
2378
2707
38
74
2978
3161
38
74
2802
3104
38
74
2988
3172
38
74
2433
2783
38
74
1782
2233
38
74
2237
2631
38
74
2716
2918
38
74
2340
2611
38
74
2163
2370
38
74
2277
2583
38
74
2373
2592
38
74
2391
2576
38
74
2864
3221
38
74
2169
38
74
2210
2418
38
74
1989
2232
38
74
2333
2750
38
74
2258
2663
38
74
2275
2487
38
74
2140
2366
38
74
2062
2246
38
74
2187
2393
38
74
2233
2525
38
74
2244
2478
38
74
2612
3006
38
74
2256
2552
38
74
2430
2745
38
74
476
1523
38
74
2351
2613
38
74
2469
2664
38
74
2256
2583
38
74
2517
2827
38
74
2770
3055
38
74
2188
2421
38
74
2361
2538
38
74
2363
2700
38
74
2536
2619
38
74
500
1543
38
74
2222
2496
38
74
464
1511
38
74
2229
2490
38
74
2209
2526
38
74
2469
2848
38
74
3022
3306
38
74
2438
2763
38
74
1942
2471
38
74
1902
2443
38
74
2304
2746
38
74
2667
2907
38
74
502
1545
38
74
2506
2779
38
74
2359
2610
38
74
2699
2989
38
74
3549
3851
38
74
2776
3003
38
74
2040
2593
38
74
2184
2336
38
74
507
1550
38
74
2208
2576
38
74
1500
2178
38
74
2231
2669
38
74
2256
2487
38
74
2329
2546
38
74
903
1780
38
74
2448
2793
38
74
2342
2589
38
74
2291
2942
38
74
2337
2632
38
74
2934
3312
38
74
2353
2638
38
74
2301
2621
38
74
2350
2630
38
74
2770
3071
38
74
2328
2589
38
74
2252
2613
38
74
1537
1991
38
74
1945
2474
38
74
1238
2000
38
74
2064
2572
38
74
2698
2941
38
74
835
1881
38
74
2290
2588
38
74
2007
2402
38
74
490
1533
38
74
2644
2774
38
74
3002
3405
38
74
1976
2371
38
74
1035
1900
38
74
2124
2533
38
74
2176
2477
784
120
2408
108
2081
213
1764
584
117
105
215
4156
3552
179
2724
771
451
196
957
7583
12067
822
14546
1892
1888
1258
115
486
103
636
1479
689
417
145
52
199
280
101
208
1522
232
259
213
1608
4984
6254
8253
592
3718
4009
6859
273
313
214
809
1305
1961
6806
5475
498
866
1602
4952
3953
348
414
215
3768
815
1461
2223
3462
10427
7765
2066
507
1021
1939
2081
8785
5430
423
515
216
3131
8513
801
786
3527
3571
18664
4254
5477
1980
5793
2008
455
3164
2002
16576
4588
4468
385
464
219
856
3513
512
1532
3223
3534
10854
8142
318
3218
138
876
3118
1930
8520
7340
785
299
865
309
828
4991
17768
29455
17858
3413
3147
14288
19606
11797
3174
118
134
106
356
3846
2433
5995
152
318
153
591
5992
5722
4608
3917
632
1526
1811
658
1983
542
5711
3375
9317
1854
6380
11153
42800
6400
12451
3903
18590
181
4644
2983
7316
1575
4017
6886
29286
4582
8825
3619
296
349
212
6134
4888
5786
8120
5403
4383
4725
4172
4888
6233
5571
3677
220
247
208
11384
2769
2035
23289
8343
2882
3283
18394
12301
9399
788
646
1530
661
718
987
542
5707
12140
462
1475
40087
1471
5793
8394
13901
7771
8866
3450
181
3939
6838
105
961
26650
800
4983
6372
10121
4781
6710
1577
418
1435
510
1955
3725
3080
3268
15144
1501
2238
1552
3607
2593
3124
2788
3401
11321
1167
1662
1175
2302
2327
2770
38
74
518
1540
38
74
2301
2569
38
74
2403
2555
38
74
850
1684
38
74
1901
2118
38
74
2389
2596
38
74
2323
2586
38
74
1070
1929
38
74
1614
2220
38
74
1308
1905
38
74
1948
2298
38
74
2253
2442
38
74
2026
2274
38
74
1430
1900
38
74
1862
2158
38
74
1930
2129
38
74
2016
2177
38
74
2402
2853
38
74
2074
38
74
486
1494
38
74
1369
1910
38
74
1878
2156
38
74
2005
2465
38
74
2006
2161
38
74
1817
2349
38
74
1441
1928
38
74
486
1494
38
74
1872
2223
38
74
1888
2147
38
74
2155
2507
38
74
1839
2064
38
74
2058
2258
38
74
476
1484
38
74
1957
2193
38
74
2022
2197
38
74
1956
2231
38
74
2135
2336
38
74
1818
2372
38
74
1549
2132
38
74
1991
2155
38
74
1891
2210
38
74
2020
2260
38
74
1812
2122
38
74
1862
2278
38
74
464
1472
38
74
1350
1934
38
74
1976
2365
38
74
2052
2357
38
74
1991
2571
38
74
1349
1979
38
74
459
1467
38
74
461
1475
38
74
1888
2296
38
74
2157
2372
38
74
474
1482
38
74
2036
2366
38
74
1978
2215
38
74
2518
2918
38
74
2049
2603
38
74
2323
2766
38
74
510
1530
38
74
1828
1956
38
74
525
1580
38
74
1808
2039
38
74
982
1825
38
74
1897
2408
38
74
1830
2027
38
74
1594
2161
38
74
1265
1993
38
74
2045
2487
38
74
1902
2451
38
74
1976
2333
38
74
1770
2181
38
74
2481
2835
38
74
1980
2315
38
74
1972
2319
38
74
1835
2172
38
74
2365
2628
38
74
1981
2206
38
74
1880
2252
38
74
1426
1889
38
74
466
1474
38
74
824
1772
38
74
611
1635
38
74
1835
2433
38
74
1904
2180
38
74
1470
2072
38
74
462
1470
38
74
2360
2529
38
74
2513
3015
38
74
1410
2007
38
74
1384
1957
38
74
1760
2232
38
74
1811
2139
112
52
207
158
159
216
1109
6828
760
6071
12573
1312
115
103
208
4817
2876
1027
147
138
148
332
3503
2969
2573
2353
30
89
35
773
275
918
892
803
803
981
982
42
9019
30
120
78
219
360
378
1418
233
682
260
815
25441
2629
8900
3315
29039
1956
9170
2962
714
184
100
201
584
194
2828
38
74
4224
7541
38
74
7510
12326
38
74
9155
15234
38
74
3468
5762
38
74
4311
7765
38
74
6653
10666
38
74
4823
8267
38
74
4026
6545
38
74
5850
12245
38
74
1416
5498
38
74
4270
7731
38
74
5021
8317
38
74
5479
9527
38
74
5241
7813
38
74
4316
7762
38
74
4364
7753
38
74
5588
9557
38
74
6740
10658
38
74
9057
38
74
918
6532
38
74
3461
5801
38
74
5386
9095
38
74
5005
8959
38
74
4425
7858
38
74
4203
6326
38
74
3939
6032
38
74
942
4832
38
74
4406
7915
38
74
4315
7760
38
74
4656
8228
38
74
4425
7807
38
74
5125
8812
38
74
4732
38
74
6346
10784
38
74
5838
9802
38
74
4345
7772
38
74
5875
9970
38
74
4131
6527
38
74
1274
5424
38
74
5679
9648
38
74
4313
7672
38
74
3810
7597
38
74
4167
6067
38
74
3885
7021
38
74
4720
38
74
3805
8863
38
74
5374
9420
38
74
3907
6919
38
74
4878
9875
38
74
2113
8283
38
74
459
4351
38
74
461
4359
38
74
3891
7003
38
74
4177
7157
38
74
4730
38
74
7333
12086
38
74
5033
8836
38
74
4761
6665
38
74
4655
10065
38
74
4863
8241
38
74
1506
6693
38
74
3839
6774
38
74
3479
5433
38
74
4318
7619
38
74
3590
9038
38
74
4311
7872
38
74
4336
7651
38
74
3902
6212
38
74
1569
5200
38
74
5596
9807
38
74
5006
8788
38
74
5092
9089
38
74
6188
10575
38
74
6733
11068
38
74
5541
9657
38
74
4967
9580
38
74
4355
7763
38
74
5723
9373
38
74
4935
11241
38
74
4333
7876
38
74
4146
6031
38
74
466
4722
38
74
1327
5103
38
74
1580
7852
38
74
3709
8318
38
74
4419
7675
38
74
4319
7754
38
74
3243
5201
38
74
4354
38
74
4883
8156
38
74
6991
11249
38
74
1347
5015
38
74
1915
7296
38
74
3646
5235
38
74
3844
7122
38
74
3737
6826
116
104
214
12281
12681
417
171
462
367
3751
1286
500
646
1476
909
603
1218
3250
611
312
354
986
226
392
253
749
9321
11844
2590
2915
6082
8678
2093
1764
421
256
524
751
678
201
4720
12590
1109
774
12137
3957
20556
17299
858
3365
1475
4210
193
65
207
266
2838
2815
3188
1496
2108
1511
3692
9086
405
296
148
349
318
19282
1583
5969
695
19417
563
12630
1363
3296
406
11417
95
187
89
201
276
12746
2404
5570
8401
1787
3652
252
8224
35
34
44
54
2124
38
74
2871
3241
38
74
4294
4821
38
74
4352
4868
38
74
2899
3284
38
74
4143
4643
38
74
3529
3993
38
74
2904
3430
38
74
3414
3764
38
74
3418
3957
38
74
2886
3344
38
74
3078
3611
38
74
3605
4061
38
74
3583
4144
38
74
2862
38
74
2839
3215
38
74
2742
3217
38
74
3163
3794
38
74
3140
3506
38
74
2484
3233
38
74
689
2283
38
74
2886
3404
38
74
2883
3321
38
74
3308
3845
38
74
2917
3279
38
74
3391
3759
38
74
3652
4122
38
74
3541
4013
38
74
2912
3316
38
74
3757
4234
38
74
929
2501
38
74
3518
3971
38
74
2892
3432
38
74
3234
3825
38
74
582
2251
38
74
2737
3308
38
74
2931
3313
38
74
3210
3874
38
74
3046
3437
38
74
713
2356
38
74
665
2327
38
74
2905
3481
38
74
3101
3504
38
74
3452
3972
38
74
3153
3768
38
74
3048
3783
38
74
1581
2947
38
74
3310
3867
38
74
1132
2595
38
74
2712
3025
38
74
2849
3252
38
74
875
2421
38
74
2993
3565
38
74
2836
3184
38
74
3462
4217
38
74
2745
3281
38
74
3143
3896
38
74
3188
3700
38
74
4732
5488
38
74
3381
3899
38
74
2810
3602
38
74
2850
3349
38
74
3775
4214
38
74
3112
3510
38
74
2918
3487
38
74
2688
3511
38
74
2789
3268
38
74
2914
3288
38
74
3938
4323
38
74
4406
5100
38
74
703
2291
38
74
2560
3084
38
74
2563
2973
1991
12274
11732
435
2870
1187
2801
296
253
202
781
646
2659
1861
314
251
2858
38
74
1151
1385
38
74
1336
1595
38
74
1379
1581
38
74
1071
1266
38
74
1106
1384
38
74
1426
1662
38
74
1279
1587
38
74
1319
1511
38
74
1429
1623
38
74
1115
1316
38
74
1136
1484
38
74
1340
1521
38
74
1229
1504
38
74
1132
1360
38
74
1132
1418
38
74
1155
1424
38
74
1236
1431
38
74
1395
1716
38
74
1123
38
74
1127
1307
38
74
1053
1246
38
74
712
1299
38
74
1159
1490
38
74
1144
1364
38
74
1147
1291
38
74
1116
1397
38
74
486
958
38
74
1131
1479
38
74
1126
1404
38
74
1234
1541
38
74
1164
1429
38
74
1155
1391
38
74
948
38
74
1182
1497
38
74
1250
1428
38
74
1131
1393
38
74
1278
1513
38
74
1409
1649
38
74
1207
1406
38
74
1221
1420
38
74
1111
1383
38
74
1261
1359
38
74
1152
1297
38
74
1105
1410
38
74
1019
1228
38
74
1040
1299
38
74
1092
1390
38
74
1193
1510
38
74
1511
1725
38
74
699
1001
38
74
1261
1478
38
74
1248
1437
38
74
788
1245
38
74
1152
1564
38
74
1265
1522
38
74
946
38
74
1191
1448
38
74
1175
1442
38
74
1353
1596
38
74
1573
1755
38
74
1274
1502
38
74
1530
1687
38
74
1094
1255
38
74
549
1052
38
74
1110
1392
38
74
1420
1607
38
74
1129
1476
38
74
1143
1344
38
74
1150
1358
38
74
748
1199
38
74
1285
1605
38
74
1187
1440
38
74
1224
1703
38
74
1158
1477
38
74
1457
1762
38
74
1222
1506
38
74
1173
1351
38
74
1179
1472
38
74
1367
1629
38
74
1210
1424
38
74
1134
1404
38
74
1165
1385
38
74
1502
1700
38
74
467
939
38
74
782
1177
38
74
1331
1513
38
74
1155
1373
38
74
1133
1408
38
74
1178
1376
38
74
934
38
74
1409
1633
38
74
1569
1949
38
74
1138
1330
38
74
743
1195
38
74
1106
1301
38
74
1100
1490
38
74
1108
1413
1921
189
2101
635
190
1709
982
213
1083
458
369
201
584
3044
917
4179
2006
294
194
301
354
210
25972
7208
7221
11084
10186
4884
16958
4674
4148
6907
8200
3218
1491
359
2858
38
74
717
838
38
74
846
995
38
74
817
978
38
74
702
846
38
74
731
891
38
74
854
1023
38
74
759
997
38
74
762
909
38
74
1027
1201
38
74
759
909
38
74
738
906
38
74
741
905
38
74
759
962
38
74
774
952
38
74
681
880
38
74
721
844
38
74
810
934
38
74
809
971
38
74
804
38
74
693
853
38
74
707
849
38
74
727
917
38
74
734
909
38
74
694
879
38
74
754
878
38
74
756
892
38
74
761
38
74
737
899
38
74
728
893
38
74
755
922
38
74
721
889
38
74
692
893
38
74
751
38
74
747
958
38
74
791
890
38
74
692
943
38
74
809
1066
38
74
759
951
38
74
819
998
38
74
805
929
38
74
727
884
38
74
815
893
38
74
744
869
38
74
705
914
38
74
683
840
38
74
706
853
38
74
726
869
38
74
757
920
38
74
803
955
38
74
743
821
38
74
810
1029
38
74
929
1073
38
74
810
990
38
74
653
874
38
74
742
915
38
74
749
38
74
786
1023
38
74
753
909
38
74
816
988
38
74
854
1016
38
74
784
992
38
74
768
907
38
74
649
786
38
74
872
997
38
74
717
908
38
74
802
978
38
74
692
909
38
74
667
851
38
74
732
892
38
74
771
918
38
74
828
1084
38
74
738
896
38
74
757
924
38
74
776
987
38
74
913
1101
38
74
766
975
38
74
770
928
38
74
683
844
38
74
855
1027
38
74
757
946
38
74
707
853
38
74
743
858
38
74
801
945
38
74
786
980
38
74
747
910
38
74
814
988
38
74
699
865
38
74
685
863
38
74
806
962
38
74
737
38
74
748
864
38
74
841
1171
38
74
729
879
38
74
744
880
38
74
679
909
38
74
722
889
38
74
676
904
112
52
212
121
109
221
1253
661
3483
120
1148
108
1419
212
1250
106
184
6923
149
8324
643
5256
249
84
683
360
4657
492
514
198
653
1230
762
1895
3344
803
5814
1438
830
214
562
366
2858
38
74
786
907
38
74
947
1135
38
74
918
1079
38
74
774
915
38
74
773
933
38
74
983
1152
38
74
904
1118
38
74
925
1090
38
74
1107
1281
38
74
692
923
38
74
791
996
38
74
843
1007
38
74
827
1035
38
74
835
1013
38
74
753
957
38
74
792
980
38
74
868
992
38
74
878
1133
38
74
817
38
74
753
913
38
74
639
862
38
74
792
1043
38
74
804
1066
38
74
776
969
38
74
825
949
38
74
809
991
38
74
791
38
74
788
992
38
74
807
1023
38
74
872
1094
38
74
786
929
38
74
756
999
38
74
781
38
74
814
1058
38
74
858
957
38
74
728
979
38
74
820
1082
38
74
665
890
38
74
876
1055
38
74
863
987
38
74
796
953
38
74
906
1049
38
74
809
934
38
74
791
1000
38
74
760
914
38
74
812
976
38
74
795
984
38
74
814
982
38
74
993
1160
38
74
808
886
38
74
895
1062
38
74
701
926
38
74
673
921
38
74
744
1052
38
74
811
927
38
74
779
38
74
869
1195
38
74
823
1023
38
74
885
1062
38
74
1007
1169
38
74
867
1127
38
74
884
1023
38
74
727
864
38
74
961
1086
38
74
793
1000
38
74
863
1078
38
74
735
1030
38
74
731
915
38
74
806
963
38
74
684
912
38
74
903
1181
38
74
797
993
38
74
824
1023
38
74
857
1112
38
74
1016
1300
38
74
822
1070
38
74
845
1059
38
74
769
930
38
74
935
1107
38
74
815
1004
38
74
768
1028
38
74
781
901
38
74
714
939
38
74
687
912
38
74
863
1026
38
